512
32
1
4
16
16
32
512
16
32
32
8
16
64
512
1
256
8
1
4
64
16
4
32
4
4
8
1
256
4
32
8
8
16
16
64
256
32
1
8
32
4
64
2
512
8
2
2
256
256
2
128
2
1
2
1
1
1
8
2
8
128
256
8
256
128
32
4
256
256
64
32
256
128
32
8
8
4
1
256
8
256
2
16
4
1
64
2
128
2
128
128
64
64
512
2
16
128
8
1
8
32
512
256
4
32
8
16
512
1
16
4
256
128
32
32
16
64
256
128
8
2
2
32
512
32
64
4
256
64
8
256
256
4
8
32
8
128
256
128
32
512
8
128
32
2
512
32
128
128
256
2
256
32
128
128
256
1
32
8
4
2
128
2
4
4
64
256
1
64
64
2
8
1
1
2
512
4
128
256
128
64
64
2
2
2
512
32
512
1
512
4
2
64
16
4
1
2
512
256
