4443
4417
4453
4437
4453
4487
4461
4495
4501
4535
4511
4515
4521
4559
4525
4567
4547
4577
4575
4605
4577
4611
4587
4623
4641
4629
4641
4659
4653
4679
4657
4693
4683
4733
4701
4731
4727
4747
4709
4791
4747
4777
4799
4787
4807
4787
4829
4803
4851
4901
4855
4883
4915
4883
4925
4953
4913
4943
4931
4945
4933
4973
4947
4963
4991
5015
4989
5005
5021
5001
5023
5009
5037
5003
5079
5037
5071
5075
5101
5081
5109
5095
5109
5149
5061
5141
5181
5159
5197
5171
5201
5247
5213
5237
5227
5257
5217
5259
5287
5263
5287
5307
5313
5283
5373
5329
5377
5353
5407
5389
5401
5421
5395
5415
5429
5409
5451
5439
5451
5461
5491
5469
5481
5489
5481
5505
5491
5533
5513
5533
5561
5525
5583
5567
5577
5599
5613
5671
5625
5633
5653
5641
5663
5655
5671
5645
5679
5687
5697
5687
5727
5747
5713
5739
5751
5769
5745
5787
5793
5785
5811
5799
5835
5809
5855
5829
5841
5859
5855
5871
5859
5873
5859
5895
5887
5925
5899
5943
5973
5935
6015
5961
5999
6017
5987
6019
6033
6049
6025
6063
6069
6095
6077
6103
6143
6109
6139
6127
6137
6157
