208
207
212
213
216
222
211
212
219
225
223
227
222
219
231
219
222
223
228
230
222
232
240
229
236
240
242
235
241
240
242
239
241
248
248
248
245
250
242
250
250
251
256
246
251
252
248
263
255
267
252
264
260
262
265
268
270
264
265
270
269
273
271
277
272
273
272
277
283
276
274
283
282
280
281
282
288
288
287
290
287
286
293
288
294
296
298
291
305
292
304
299
302
302
308
306
310
301
301
313
313
314
310
309
317
314
316
315
315
317
325
315
327
323
316
327
324
332
328
324
331
327
334
340
330
336
337
331
338
332
331
348
344
338
343
342
350
349
347
347
349
353
350
356
352
351
352
363
360
359
357
365
368
366
364
362
367
361
364
366
361
369
364
374
371
371
375
380
372
379
377
378
388
386
381
379
388
388
392
385
387
390
388
395
389
393
400
400
407
402
399
403
397
404
403
398
398
405
403
410
