411
414
408
412
413
419
417
416
418
413
419
422
425
420
429
422
426
427
434
430
431
426
438
429
433
441
435
430
431
438
436
445
436
446
446
447
450
447
444
451
452
450
444
449
456
456
453
459
460
463
465
459
467
458
466
470
464
465
470
478
479
474
474
480
475
482
481
478
482
481
482
477
485
487
484
492
482
485
495
490
492
499
495
486
493
491
500
505
500
507
494
503
496
494
505
505
513
511
511
502
505
518
518
510
514
513
521
519
514
517
518
520
519
518
530
530
532
526
525
532
526
537
535
527
532
528
534
545
535
541
535
546
538
549
549
546
548
547
547
552
551
549
558
552
552
549
552
550
564
561
564
560
561
571
565
568
567
567
569
571
577
568
572
573
579
569
568
580
578
579
577
583
585
586
578
586
592
593
586
591
588
598
595
597
601
593
598
591
597
597
603
601
604
600
613
604
601
606
601
604
