3151
3154
3171
3180
3195
3196
3205
3208
3213
3228
3245
3248
3257
3264
3273
3276
3297
3304
3317
3322
3331
3338
3351
3362
3379
3382
3391
3396
3401
3428
3433
3442
3453
3456
3473
3476
3487
3498
3507
3518
3525
3530
3553
3562
3567
3582
3611
3614
3619
3630
3639
3642
3657
3662
3673
3676
3687
3708
3713
3716
3721
3732
3763
3764
3773
3778
3787
3790
3799
3800
3815
3818
3833
3834
3847
3848
3867
3868
3887
3892
3915
3930
3941
3944
3949
3952
3957
3978
3989
4000
4009
4018
4023
4026
4035
4036
4045
4054
4059
4070
4083
4084
4097
4110
4119
4122
4131
4138
4147
4152
4171
4182
4187
4190
4207
4212
4219
4226
4239
4246
4255
4260
4285
4290
4295
4304
4321
4324
4333
4350
4355
4364
4381
4384
4389
4398
4415
4418
4429
4446
4453
4458
4463
4466
4475
4476
4491
4494
4517
4538
4553
4554
4561
4566
4575
4576
4585
4606
4611
4616
4635
4640
4655
4656
4665
4676
4695
4696
4703
4708
4725
4728
4733
4750
4777
4786
4795
4796
4809
4810
4823
4824
4837
4842
4847
4856
4861
4870
4879
4886
4919
4928
4933
4942
4953
4958
4971
4988
4997
5008
