6945
6952
6967
6976
7003
7004
7011
7018
7027
7030
7041
7058
7071
7076
7085
7086
7095
7104
7119
7120
7133
7138
7147
7152
7163
7168
7181
7186
7191
7196
7205
7210
7223
7230
7257
7262
7287
7288
7309
7312
7323
7332
7365
7372
7393
7396
7401
7410
7419
7420
7429
7432
7453
7460
7475
7492
7511
7516
7521
7532
7541
7550
7555
7564
7569
7574
7587
7600
7607
7630
7635
7650
7655
7664
7669
7678
7701
7704
7709
7712
7723
7738
7747
7752
7757
7768
7787
7794
7801
7806
7839
7840
7853
7854
7863
7866
7875
7880
7891
7896
7903
7914
7923
7930
7945
7948
7965
7976
7989
8012
8021
8032
8041
8042
8067
8074
8095
8104
8113
8126
8133
8134
8143
8152
8163
8168
8175
8180
8213
8226
8239
8240
8255
8264
8269
8284
8289
8306
8333
8350
8359
8374
8395
8400
8405
8422
8429
8434
8439
8448
8459
8468
8477
8482
8493
8496
8505
8506
8519
8520
8535
8538
8547
8552
8557
8568
8575
8588
8609
8612
8621
8640
8647
8654
8663
8666
8677
8680
8697
8702
8709
8722
8737
8740
8745
8774
8781
8804
8813
8818
8833
8844
8861
8866
8873
8874
8881
8898
8907
8918
