185
216
187
217
188
217
189
218
190
219
191
220
193
220
195
220
197
220
199
220
201
221
202
222
203
223
203
224
205
224
207
225
208
225
210
226
210
227
212
227
214
227
216
228
217
228
219
229
220
230
220
232
221
233
221
235
221
236
223
236
225
237
225
238
226
239
228
240
229
240
231
240
232
242
233
242
235
243
236
244
236
246
237
246
238
248
239
248
241
249
242
250
243
251
244
251
246
252
247
252
248
253
249
254
251
255
252
255
254
256
254
258
254
260
254
261
255
263
255
264
256
266
256
268
256
269
258
269
259
270
260
272
261
272
263
273
263
275
264
275
266
275
268
276
269
277
269
278
271
278
272
280
272
281
273
282
275
283
275
284
277
285
278
285
280
286
281
286
283
286
284
288
285
288
287
288
288
289
290
290
291
291
291
293
292
294
292
295
293
297
293
298
294
300
295
301
295
302
297
302
