1239
1275
1247
1271
1257
1281
1269
1281
1299
1295
1299
1305
1323
1301
1313
1367
1321
1371
1391
1359
1427
1401
1437
1417
1439
1427
1441
1427
1441
1461
1441
1477
1469
1485
1493
1483
1503
1513
1487
1519
1551
1521
1563
1547
1561
1579
1559
1575
1593
1619
1595
1615
1603
1623
1611
1629
1643
1607
1635
1669
1657
1691
1721
1695
1711
1719
1711
1735
1715
1755
1735
1749
1783
1753
1789
1777
1807
1767
1797
1835
1807
1877
1849
1857
1877
1867
1875
1891
1883
1919
1895
1921
1919
1947
1935
1975
1937
1997
1969
1991
1995
2001
1991
2025
2001
2023
2033
2079
2045
2079
2107
2071
2085
2093
2109
2085
2125
2095
2115
2139
2135
2139
2155
2119
2203
2153
2183
2209
2199
2229
2223
2241
2231
2259
2253
2279
2261
2279
2291
2275
2313
2299
2335
2361
2331
2349
2337
2353
2393
2367
2375
2379
2391
2371
2387
2413
2373
2413
2435
2427
2435
2461
2487
2449
2471
2499
2483
2557
2513
2535
2545
2541
2559
2585
2545
2605
2575
2601
2613
2637
2595
2687
2645
2661
2667
2685
2657
2673
2693
2683
2703
2717
2703
2717
2705
2735
2717
2743
2723
2761
