298
304
298
306
299
307
299
308
300
309
302
310
303
311
303
312
305
313
305
315
305
316
307
317
308
317
310
317
312
318
312
319
314
319
316
320
317
321
317
322
319
322
321
323
322
323
324
323
325
324
326
325
327
327
327
329
327
331
328
332
329
333
329
335
330
335
332
336
333
337
334
338
334
339
335
340
337
341
338
341
340
341
341
342
342
343
344
344
344
345
346
346
346
347
347
348
348
349
349
350
351
351
351
353
352
353
354
353
355
354
357
355
358
356
359
357
359
358
361
359
361
361
361
363
361
364
362
366
363
367
364
367
366
368
367
368
368
370
369
370
371
371
372
371
374
371
375
372
377
373
377
374
379
375
380
376
381
377
382
377
384
378
385
378
387
378
389
378
390
379
392
380
393
380
394
382
394
383
396
383
398
384
399
384
401
384
403
384
405
385
405
386
406
388
407
389
408
389
409
390
