816
815
807
814
816
815
818
817
815
818
819
821
819
824
832
818
832
821
823
823
836
833
833
835
829
831
832
828
846
832
836
837
837
844
839
851
854
843
841
846
851
847
849
849
857
855
857
858
861
859
860
863
863
855
860
862
860
859
866
861
873
872
875
870
874
880
875
878
878
882
880
883
885
881
885
883
886
882
884
891
885
895
886
888
896
892
894
897
899
897
907
899
907
908
912
904
901
912
902
901
910
914
918
920
910
920
916
916
920
914
918
921
929
922
924
921
926
933
929
934
925
927
929
935
937
936
937
939
937
942
935
943
941
939
939
941
947
947
947
955
951
952
946
954
958
950
963
958
956
962
960
953
962
960
967
970
969
965
971
963
967
964
977
966
975
977
981
982
970
976
983
981
983
977
984
983
995
986
991
993
990
989
991
991
993
988
1001
997
1004
998
1008
1003
999
1007
999
1001
1002
999
1011
1013
