2739
2775
2803
2779
2799
2811
2799
2817
2785
2823
2847
2861
2833
2855
2875
2901
2857
2881
2907
2927
2903
2929
2973
2943
2967
2951
2961
2997
2965
3021
2993
3015
3033
3059
3029
3069
3047
3081
3063
3101
3135
3099
3131
3167
3115
3141
3173
3155
3199
3177
3207
3197
3227
3213
3225
3259
3227
3263
3255
3269
3231
3265
3309
3327
3309
3325
3341
3321
3341
3359
3331
3373
3349
3367
3387
3375
3405
3365
3443
3397
3473
3453
3459
3465
3457
3493
3461
3519
3489
3533
3507
3523
3543
3531
3549
3563
3545
3569
3561
3569
3595
3553
3587
3627
3611
3625
3645
3617
3653
3623
3653
3667
3695
3655
3695
3705
3727
3701
3741
3713
3775
3741
3775
3789
3755
3783
3807
3811
3801
3835
3857
3829
3841
3857
3903
3867
3901
3931
3893
3913
3909
3921
3909
3921
3941
3927
3955
3969
3915
3991
4005
4009
4025
4011
4029
4063
4025
4059
4067
4063
4093
4073
4101
4081
4115
4145
4123
4143
4151
4143
4155
4179
4103
4171
4195
4209
4231
4217
4243
4229
4255
4269
4251
4265
4283
4261
4299
4275
4335
4319
4325
4351
4363
4339
4379
4409
4383
4403
4433
4411
