610
605
603
605
612
615
623
610
620
624
612
622
626
620
622
625
623
628
619
631
632
636
630
633
639
641
637
636
638
641
642
642
640
641
648
652
649
646
647
651
645
656
652
654
654
657
656
655
661
659
662
658
660
661
664
668
661
660
671
662
670
671
673
670
679
671
679
680
673
679
676
681
684
687
680
690
685
686
685
690
693
689
690
690
692
696
702
691
694
700
702
698
707
712
705
702
706
709
706
703
715
715
711
705
714
716
724
721
716
716
721
717
714
720
725
722
728
719
731
731
722
735
738
736
733
737
739
737
731
747
735
741
747
750
736
746
745
747
751
755
754
752
757
754
754
754
755
766
762
758
753
765
761
771
764
758
772
764
769
770
772
775
774
773
782
781
784
777
782
781
780
779
789
785
792
778
788
796
794
786
782
786
796
797
793
798
796
799
796
796
802
799
802
798
810
805
802
803
811
814
