411
390
412
392
412
394
413
394
414
395
416
395
417
397
418
398
418
399
419
401
419
403
419
404
420
406
421
407
421
409
422
409
424
410
424
412
424
413
425
414
427
415
427
416
429
416
431
416
432
418
433
418
435
419
436
420
436
422
437
422
439
422
440
423
441
424
443
425
443
427
443
428
444
429
446
429
448
430
448
432
449
433
450
434
450
436
450
437
452
437
454
437
455
439
456
439
457
440
459
441
460
441
462
442
462
443
464
444
465
445
465
447
465
448
467
448
468
450
468
451
470
451
472
451
474
451
475
453
475
455
476
456
476
458
477
458
479
458
480
459
482
459
484
459
486
459
488
459
490
459
491
460
492
461
494
461
495
463
496
463
497
464
499
464
500
466
500
468
500
470
500
471
502
472
502
473
504
474
505
475
506
476
506
477
508
477
510
477
512
478
513
479
514
480
514
482
514
483
516
484
