64
16
16
4
256
256
2
1
512
128
32
64
64
32
512
8
8
16
16
64
2
4
256
16
128
32
64
16
256
4
8
8
128
256
64
128
256
8
2
64
32
4
128
2
4
1
2
512
1
512
2
16
32
64
16
256
32
64
64
512
4
8
16
64
1
8
16
256
64
2
1
16
32
16
8
4
64
64
16
256
4
2
8
8
512
8
64
1
128
4
64
1
4
16
512
2
16
2
4
128
8
128
4
16
32
256
128
1
1
64
64
1
64
8
2
32
32
256
256
2
128
16
256
256
2
32
4
1
512
4
1
512
64
4
256
4
512
4
32
16
1
512
2
128
2
32
8
64
16
8
64
128
256
512
4
32
512
1
8
64
1
1
2
2
8
8
1
32
8
1
32
16
256
256
4
1
16
64
64
32
4
2
8
256
16
2
16
64
512
32
2
512
16
2
32
2
2
64
1
512
