1
1
1
32
64
256
2
4
128
2
16
32
4
64
8
32
64
1
256
4
128
128
256
32
128
128
2
8
16
4
128
32
128
128
256
512
64
1
512
2
128
8
64
8
128
2
128
256
128
4
2
16
64
256
16
16
1
512
1
2
4
4
16
512
32
8
16
8
1
2
16
64
32
16
512
32
256
32
8
128
2
1
32
1
128
512
4
4
128
512
64
256
512
4
32
256
512
4
8
32
16
4
1
2
512
512
32
64
2
2
4
2
4
512
1
4
2
512
64
1
256
64
16
1
8
16
16
2
256
2
32
512
256
2
8
64
4
512
128
128
16
128
128
2
8
1
512
512
64
1
32
2
256
128
1
128
4
2
2
8
16
512
512
512
512
512
512
256
8
128
4
512
128
256
1
16
512
512
32
2
1
32
512
128
8
2
128
8
4
256
2
64
1
512
64
8
2
256
32
512
