1431
1432
1441
1452
1465
1482
1487
1490
1499
1500
1509
1512
1517
1520
1535
1536
1545
1578
1587
1592
1603
1620
1633
1646
1653
1654
1661
1666
1677
1680
1685
1690
1705
1714
1719
1722
1727
1730
1739
1750
1765
1772
1787
1792
1799
1804
1815
1818
1829
1832
1849
1852
1861
1862
1869
1874
1879
1884
1897
1916
1925
1928
1933
1956
1963
1964
1977
1988
1993
2002
2013
2018
2027
2032
2053
2058
2065
2066
2081
2090
2105
2112
2131
2144
2153
2156
2161
2164
2169
2178
2193
2198
2207
2224
2229
2244
2249
2270
2279
2286
2295
2298
2303
2306
2317
2322
2335
2336
2349
2362
2375
2380
2395
2396
2403
2404
2417
2428
2433
2448
2453
2458
2465
2466
2479
2486
2507
2530
2537
2542
2553
2568
2573
2576
2587
2602
2607
2610
2621
2626
2635
2638
2653
2654
2679
2684
2689
2694
2701
2706
2723
2728
2735
2736
2745
2748
2757
2768
2777
2782
2799
2802
2811
2822
2833
2838
2845
2870
2891
2900
2911
2914
2923
2924
2933
2954
2969
2970
2989
2996
3003
3014
3031
3040
3045
3048
3059
3064
3073
3076
3081
3084
3093
3100
3107
3108
3117
3126
3131
3140
