6123
6153
6203
6175
6201
6223
6193
6215
6225
6271
6211
6241
6267
6261
6279
6261
6289
6281
6305
6295
6329
6311
6347
6335
6359
6337
6367
6353
6371
6353
6395
6371
6429
6387
6463
6425
6471
6463
6493
6467
6515
6563
6507
6533
6557
6573
6547
6561
6579
6575
6595
6589
6611
6649
6603
6675
6651
6679
6659
6695
6677
6703
6689
6711
6693
6727
6691
6773
6739
6777
6765
6785
6771
6813
6845
6815
6817
6839
6821
6849
6847
6867
6861
6881
6855
6891
6903
6913
6873
6915
6953
6971
6953
6973
6989
6973
6985
7005
6979
7017
6999
7037
7015
7055
7021
7055
7083
7045
7133
7083
7107
7135
7137
7105
7185
7149
7171
7213
7189
7201
7221
7203
7243
7219
7233
7249
7273
7335
7289
7303
7327
7351
7327
7347
7335
7371
7327
7387
7403
7427
7403
7475
7449
7479
7471
7475
7495
7477
7513
7493
7533
7511
7547
7533
7551
7539
7553
7539
7579
7557
7571
7587
7581
7601
7587
7617
7589
7625
7661
7631
7661
7693
7679
7693
7711
7695
7713
7705
7713
7737
7771
7737
7755
7791
7763
7829
7799
7827
7867
7833
7863
7895
7871
7875
7881
7889
7925
7889
7931
7909
