8
8
1
32
128
4
128
1
8
64
32
128
32
512
32
512
2
512
32
8
1
512
4
2
256
64
2
2
128
8
256
2
512
8
4
64
2
2
128
512
8
2
1
32
2
2
256
32
16
256
1
128
16
16
64
4
8
128
512
512
64
4
128
16
512
32
64
128
8
32
2
256
256
32
128
32
4
128
4
16
256
512
2
4
4
128
512
8
256
2
256
8
1
2
2
512
16
512
2
4
512
256
8
8
64
128
8
8
64
4
16
16
1
64
32
64
64
16
8
1
256
64
1
4
2
8
512
16
512
16
64
8
512
32
4
4
16
128
8
128
2
512
1
128
1
4
2
128
512
256
64
1
512
16
8
128
1
4
128
128
1
32
8
512
4
2
128
2
128
64
4
512
8
2
128
64
128
32
4
8
256
16
64
128
16
256
2
256
16
64
128
64
64
512
16
1
32
2
8
4
