95
107
95
109
95
111
96
112
97
112
99
113
99
114
101
114
103
115
103
117
104
118
104
120
105
120
106
122
106
124
107
124
109
125
109
126
110
127
112
128
113
129
114
129
115
131
116
131
117
132
119
133
120
134
120
136
121
137
121
138
122
139
123
141
123
142
124
144
124
145
125
147
126
148
127
149
127
151
127
153
127
154
129
154
131
154
132
156
133
157
133
159
133
161
134
161
135
162
136
163
138
163
139
165
140
166
141
167
141
169
141
171
141
172
143
172
145
173
145
174
147
175
147
177
148
177
149
179
150
180
150
181
151
183
151
185
152
186
153
187
153
188
155
188
157
188
159
189
159
190
160
191
161
192
162
193
164
194
165
195
165
197
166
197
168
197
169
198
171
199
172
200
172
202
172
204
172
206
172
207
173
208
175
209
175
210
176
212
177
212
179
212
180
213
182
213
184
214
184
215
