5023
5024
5045
5050
5057
5062
5071
5088
5093
5102
5119
5124
5131
5132
5139
5162
5167
5178
5187
5202
5213
5218
5227
5244
5263
5264
5271
5276
5281
5286
5295
5304
5313
5324
5339
5356
5361
5366
5373
5390
5401
5424
5431
5432
5439
5444
5449
5460
5467
5480
5513
5522
5531
5542
5559
5564
5577
5588
5593
5596
5605
5612
5621
5630
5635
5638
5655
5660
5669
5672
5681
5682
5695
5696
5715
5726
5737
5754
5761
5766
5781
5782
5791
5796
5805
5832
5841
5854
5861
5868
5881
5888
5903
5920
5927
5928
5935
5958
5973
5978
5983
5998
6007
6012
6029
6038
6055
6058
6091
6096
6105
6110
6121
6126
6133
6134
6149
6154
6161
6162
6171
6192
6201
6202
6209
6226
6231
6234
6249
6250
6259
6262
6291
6296
6305
6308
6319
6328
6363
6378
6383
6388
6395
6396
6403
6404
6417
6430
6439
6442
6453
6462
6471
6490
6497
6498
6507
6536
6543
6550
6563
6568
6577
6584
6593
6604
6611
6616
6621
6626
6633
6638
6643
6652
6657
6672
6681
6700
6707
6718
6735
6762
6771
6790
6797
6814
6825
6830
6837
6842
6859
6864
6873
6882
6887
6896
6911
6918
6931
6932
